0
0
0
0
0
0
0
0
0
0
0
0
0
0
1
1
1
12
2
3
7
3
5
9
4
6
5
11
6
7
12
9
8
6
11
9
9
10
10
11
10
10
11
10
11
12
18
13
15
22
16
16
21
22
18
22
28
20
21
23
26
22
23
31
22
22
30
25
21
26
26
24
24
29
26
25
30
25
23
27
22
23
22
25
22
23
23
21
21
23
24
21
22
24
21
24
22
21
21
24
24
21
22
23
21
21
22
24
22
24
25
23
25
26
29
27
32
34
30
33
36
32
31
34
35
30
31
33
27
28
28
24
23
23
23
20
21
22
19
18
19
20
16
16
16
14
13
13
12
11
10
10
9
8
8
8
7
7
7
7
6
6
7
6
6
6
6
6
6
6
5
6
6
5
5
5
5
5
4
5
4
4
5
3
4
4
3
3
3
3
2
2
2
2
2
2
2
2
1
2
2
1
1
1
1
1
1
1
1
1
1
1
1
2
1
1
1
3
2
1
5
3
2
5
7
9
3
3
31
6
13
5
35
6
53
6
17
41
37
202
11
12
8
255
6
13
35
2
1
1
1
0
0
0
0
0