0
0
0
0
0
0
0
0
0
0
0
0
0
0
0
0
0
0
0
0
0
0
0
0
0
0
0
0
0
0
0
0
0
0
0
0
0
0
0
0
0
0
0
0
0
0
0
0
0
0
0
0
0
0
0
0
0
0
0
0
0
0
0
0
0
0
0
0
0
0
0
0
0
0
0
0
0
0
1
1
1
1
1
1
1
1
0
1
1
1
0
0
1
1
1
0
1
0
1
1
1
1
1
1
1
1
1
1
1
1
1
2
1
1
1
1
1
1
2
2
2
8
2
2
2
2
4
6
3
6
14
77
23
255
23
17
7
4
3
2
1
2
1
1
1
1
1
1
1
0
1
2
2
3
4
24
6
7
2
1
1
0
0
0
0
1
0
1
1
3
1
1
1
1
1
1
1
2
2
2
2
3
3
3
3
3
4
2
3
3
3
3
3
3
2
3
2
2
2
1
1
1
1
1
1
1
1
1
1
1
1
1
1
1
1
1
0
0
0
1
1
1
1
1
1
1
1
1
0
1
1
1
1
1
1
1
1
1
1
1
1
1
1
1
1
2
4
3
2
4
5
7
10
216
25
60